t5-base: 5.257664000000001
facebook/bart-base: 6.465379999999997
