t5-base: 4.672317269999928
facebook/bart-base: 6.211189799999827
